{"dtype": "compas_model.models/Model", "data": {"transformation": {"dtype": "compas.geometry/Transformation", "data": {"matrix": [[1.0, 0.0, 0.0, 0.0], [0.0, 1.0, 0.0, 0.0], [0.0, 0.0, 1.0, 0.0], [0.0, 0.0, 0.0, 1.0]]}, "guid": "c1481587-f8f8-4920-84d6-748f4c64e55f"}, "elements": {"79a2733c-3aa6-4496-8a2b-833b99e1f213": {"dtype": "compas_model.elements/Group", "data": {"transformation": {"dtype": "compas.geometry/Transformation", "data": {"matrix": [[1.0, 0.0, 0.0, 0.0], [0.0, 1.0, 0.0, 0.0], [0.0, 0.0, 1.0, 0.0], [0.0, 0.0, 0.0, 1.0]]}, "guid": "57031e95-3dcf-487f-8bf1-4f94e5d56f37"}, "features": [], "name": "beds_0", "material": null}, "name": "beds_0", "guid": "79a2733c-3aa6-4496-8a2b-833b99e1f213"}, "a6e13953-5bad-4f25-8978-6a3209cf845a": {"dtype": "compas_model.elements/Group", "data": {"transformation": {"dtype": "compas.geometry/Transformation", "data": {"matrix": [[1.0, 0.0, 0.0, 0.0], [0.0, 1.0, 0.0, 0.0], [0.0, 0.0, 1.0, 0.0], [0.0, 0.0, 0.0, 1.0]]}, "guid": "f4c07dca-fb8a-4d2a-9ce4-b379dbb487ce"}, "features": [], "name": "beds_0_0", "material": null}, "name": "beds_0_0", "guid": "a6e13953-5bad-4f25-8978-6a3209cf845a"}, "a769ba52-bd06-4240-b3fb-01b923dbc735": {"dtype": "compas_tf.plate/PlateElement", "data": {"polygon": {"dtype": "compas.geometry/Polygon", "data": {"points": [[-2681.012796073606, -2812.4868261619267, -667.7001200524775], [-2681.012796073606, -2900.0, -667.7001200524775], [-2124.35673107722, -2900.0, -485.69111927334325], [-2124.35673107722, -2432.825453848956, -485.69111927334325]]}, "guid": "b0dbc82e-5589-487f-a0ca-bbde318aa332"}, "thickness": 0.1, "top": {"dtype": "compas.geometry/Polygon", "data": {"points": [[-2685.0294072307197, -2815.226313252519, -640.6068024777801], [-2685.0294072307197, -2900.0, -640.6068024777801], [-2132.046795490273, -2900.0, -459.79890521402166], [-2132.046795490273, -2438.070380818814, -459.79890521402166]]}, "guid": "d2b1cf90-d997-4943-8cdf-310e89ac91d1"}, "bottom": {"dtype": "compas.geometry/Polygon", "data": {"points": [[-2681.012796073606, -2812.4868261619267, -667.7001200524775], [-2681.012796073606, -2900.0, -667.7001200524775], [-2124.35673107722, -2900.0, -485.69111927334325], [-2124.35673107722, -2432.825453848956, -485.69111927334325]]}, "guid": "b0dbc82e-5589-487f-a0ca-bbde318aa332"}, "top_polyline": {"dtype": "compas.geometry/Polyline", "data": {"points": [[-2685.0294072307197, -2815.226313252519, -640.6068024777801], [-2685.0294072307197, -2900.0, -640.6068024777801], [-2132.046795490273, -2900.0, -459.79890521402166], [-2132.046795490273, -2438.070380818814, -459.79890521402166], [-2685.0294072307197, -2815.226313252519, -640.6068024777801]]}, "guid": "971da914-1ca5-4e0d-9edd-dac16ba919c1"}, "bottom_polyline": {"dtype": "compas.geometry/Polyline", "data": {"points": [[-2681.012796073606, -2812.4868261619267, -667.7001200524775], [-2681.012796073606, -2900.0, -667.7001200524775], [-2124.35673107722, -2900.0, -485.69111927334325], [-2124.35673107722, -2432.825453848956, -485.69111927334325], [-2681.012796073606, -2812.4868261619267, -667.7001200524775]]}, "guid": "3bf5b91b-691b-44eb-ac37-b61a1f7461dc"}, "transformation": {"dtype": "compas.geometry/Transformation", "data": {"matrix": [[0.9504657349107606, -0.005952092211492344, 0.3107723593868254, 335.53124622186635], [0.0056573599117213935, 0.9999822861422628, 0.001849778506566646, -389.5325783919065], [-0.31077786446170447, 9.714451465470123e-17, 0.9504825716238163, -198.56210417724878], [0.0, 0.0, 0.0, 1.0]]}, "guid": "2c74076a-9a6e-467b-a667-134b877adc6b"}, "features": [], "name": "beds_0_0_0", "debug": [], "modelgeometry": null}, "name": "beds_0_0_0", "guid": "a769ba52-bd06-4240-b3fb-01b923dbc735"}, "bb118ba9-27c2-4a77-ab05-a9dbbcfbab46": {"dtype": "compas_tf.plate/PlateElement", "data": {"polygon": {"dtype": "compas.geometry/Polygon", "data": {"points": [[-2124.35673107722, -2432.825453848956, -485.69111927334325], [-2124.35673107722, -2900.0, -485.69111927334325], [-1699.5771601392034, -2900.0, -372.0542222450554], [-1699.5771601392034, -2143.1090473028607, -372.0542222450554]]}, "guid": "e2e00dbf-09a7-41ac-b7d9-91cb43eeed53"}, "thickness": 0.1, "top": {"dtype": "compas.geometry/Polygon", "data": {"points": [[-2132.046795490273, -2438.070380818814, -459.79890521402166], [-2132.046795490273, -2900.0, -459.79890521402166], [-1705.8209869485806, -2900.0, -345.7751111575072], [-1705.8209869485806, -2147.3675832355434, -345.7751111575072]]}, "guid": "5c890561-257a-435e-8082-0610695fa946"}, "bottom": {"dtype": "compas.geometry/Polygon", "data": {"points": [[-2124.35673107722, -2432.825453848956, -485.69111927334325], [-2124.35673107722, -2900.0, -485.69111927334325], [-1699.5771601392034, -2900.0, -372.0542222450554], [-1699.5771601392034, -2143.1090473028607, -372.0542222450554]]}, "guid": "e2e00dbf-09a7-41ac-b7d9-91cb43eeed53"}, "top_polyline": {"dtype": "compas.geometry/Polyline", "data": {"points": [[-2132.046795490273, -2438.070380818814, -459.79890521402166], [-2132.046795490273, -2900.0, -459.79890521402166], [-1705.8209869485806, -2900.0, -345.7751111575072], [-1705.8209869485806, -2147.3675832355434, -345.7751111575072], [-2132.046795490273, -2438.070380818814, -459.79890521402166]]}, "guid": "6a6404c1-41bd-44ab-aacf-6432debb3077"}, "bottom_polyline": {"dtype": "compas.geometry/Polyline", "data": {"points": [[-2124.35673107722, -2432.825453848956, -485.69111927334325], [-2124.35673107722, -2900.0, -485.69111927334325], [-1699.5771601392034, -2900.0, -372.0542222450554], [-1699.5771601392034, -2143.1090473028607, -372.0542222450554], [-2124.35673107722, -2432.825453848956, -485.69111927334325]]}, "guid": "42dc7191-5342-4007-a3f6-5ccd4b9b3169"}, "transformation": {"dtype": "compas.geometry/Transformation", "data": {"matrix": [[0.9660123658055106, -0.005952092211492344, 0.2584273238439518, 343.1343173074805], [0.005749896531565496, 0.9999822861422628, 0.0015382105091304324, -389.48732341007405], [-0.25843190166989277, 9.714451465470123e-17, 0.9660294779142526, -79.80961145830679], [0.0, 0.0, 0.0, 1.0]]}, "guid": "334d3882-8bd9-43d4-8c5b-f734d2efc91b"}, "features": [], "name": "beds_0_1_0", "debug": [], "modelgeometry": null}, "name": "beds_0_1_0", "guid": "bb118ba9-27c2-4a77-ab05-a9dbbcfbab46"}, "28df9ab4-7855-468c-8416-a65e560e3dc6": {"dtype": "compas_tf.plate/PlateElement", "data": {"polygon": {"dtype": "compas.geometry/Polygon", "data": {"points": [[-1699.5771601392034, -2143.1090473028607, -372.0542222450554], [-1699.5771601392034, -2900.0, -372.0542222450554], [-1274.7385860985464, -2900.0, -283.6576921741005], [-1274.7385860985464, -1853.352398315647, -283.6576921741005]]}, "guid": "4d669109-1407-4385-8db3-47a0ce4cefae"}, "thickness": 0.1, "top": {"dtype": "compas.geometry/Polygon", "data": {"points": [[-1705.8209869485806, -2147.3675832355434, -345.7751111575072], [-1705.8209869485806, -2900.0, -345.7751111575072], [-1279.4771721988207, -2900.0, -257.06538434845777], [-1279.4771721988207, -1856.5843007681333, -257.06538434845777]]}, "guid": "7677c2ad-b570-4213-a2de-fdf8eec3b1d0"}, "bottom": {"dtype": "compas.geometry/Polygon", "data": {"points": [[-1699.5771601392034, -2143.1090473028607, -372.0542222450554], [-1699.5771601392034, -2900.0, -372.0542222450554], [-1274.7385860985464, -2900.0, -283.6576921741005], [-1274.7385860985464, -1853.352398315647, -283.6576921741005]]}, "guid": "4d669109-1407-4385-8db3-47a0ce4cefae"}, "top_polyline": {"dtype": "compas.geometry/Polyline", "data": {"points": [[-1705.8209869485806, -2147.3675832355434, -345.7751111575072], [-1705.8209869485806, -2900.0, -345.7751111575072], [-1279.4771721988207, -2900.0, -257.06538434845777], [-1279.4771721988207, -1856.5843007681333, -257.06538434845777], [-1705.8209869485806, -2147.3675832355434, -345.7751111575072]]}, "guid": "a531a58c-b10a-467e-8f55-fad91994ffed"}, "bottom_polyline": {"dtype": "compas.geometry/Polyline", "data": {"points": [[-1699.5771601392034, -2143.1090473028607, -372.0542222450554], [-1699.5771601392034, -2900.0, -372.0542222450554], [-1274.7385860985464, -2900.0, -283.6576921741005], [-1274.7385860985464, -1853.352398315647, -283.6576921741005], [-1699.5771601392034, -2143.1090473028607, -372.0542222450554]]}, "guid": "a8dcddf3-78da-42be-a63b-266569121d6c"}, "transformation": {"dtype": "compas.geometry/Transformation", "data": {"matrix": [[0.9790143535606392, -0.005952092211492344, 0.20370436451031226, 344.87229065868144], [0.005827286932499262, 0.9999822861422628, 0.0012124886392999973, -389.476978649181], [-0.20370797296436538, 9.714451465470123e-17, 0.9790316959888224, 18.035458015888707], [0.0, 0.0, 0.0, 1.0]]}, "guid": "a7d59534-0b86-4089-b320-58bc970711e6"}, "features": [], "name": "beds_0_2_0", "debug": [], "modelgeometry": null}, "name": "beds_0_2_0", "guid": "28df9ab4-7855-468c-8416-a65e560e3dc6"}, "6046521e-58d8-4043-90af-3c86e97f1af0": {"dtype": "compas_tf.plate/PlateElement", "data": {"polygon": {"dtype": "compas.geometry/Polygon", "data": {"points": [[-1274.7385860985464, -1853.352398315647, -283.6576921741005], [-1274.7385860985464, -2900.0, -283.6576921741005], [-849.8530812628708, -2900.0, -220.51033860110886], [-849.8530812628708, -1563.563740676842, -220.51033860110886]]}, "guid": "b92821ad-1c63-48b6-8ae7-06197100ab84"}, "thickness": 0.1, "top": {"dtype": "compas.geometry/Polygon", "data": {"points": [[-1279.4771721988207, -1856.5843007681333, -257.06538434845777], [-1279.4771721988207, -2900.0, -257.06538434845777], [-853.0394958595282, -2900.0, -193.68734386892476], [-853.0394958595282, -1565.7370009978858, -193.68734386892476]]}, "guid": "20d38efb-4fa3-4f46-8576-256158fae954"}, "bottom": {"dtype": "compas.geometry/Polygon", "data": {"points": [[-1274.7385860985464, -1853.352398315647, -283.6576921741005], [-1274.7385860985464, -2900.0, -283.6576921741005], [-849.8530812628708, -2900.0, -220.51033860110886], [-849.8530812628708, -1563.563740676842, -220.51033860110886]]}, "guid": "b92821ad-1c63-48b6-8ae7-06197100ab84"}, "top_polyline": {"dtype": "compas.geometry/Polyline", "data": {"points": [[-1279.4771721988207, -1856.5843007681333, -257.06538434845777], [-1279.4771721988207, -2900.0, -257.06538434845777], [-853.0394958595282, -2900.0, -193.68734386892476], [-853.0394958595282, -1565.7370009978858, -193.68734386892476], [-1279.4771721988207, -1856.5843007681333, -257.06538434845777]]}, "guid": "dddd2aae-c54c-4067-b4e2-ead1e8123f73"}, "bottom_polyline": {"dtype": "compas.geometry/Polyline", "data": {"points": [[-1274.7385860985464, -1853.352398315647, -283.6576921741005], [-1274.7385860985464, -2900.0, -283.6576921741005], [-849.8530812628708, -2900.0, -220.51033860110886], [-849.8530812628708, -1563.563740676842, -220.51033860110886], [-1274.7385860985464, -1853.352398315647, -283.6576921741005]]}, "guid": "c29a679d-229d-4f77-959a-7945d5e452a9"}, "transformation": {"dtype": "compas.geometry/Transformation", "data": {"matrix": [[0.9891178815325236, -0.005952092211492344, 0.14700472451904023, 341.6683585931419], [0.005887425127928743, 0.9999822861422628, 0.0008750011755086027, -389.49604908608546], [-0.14700732858594523, 9.714451465470123e-17, 0.9891354029363343, 93.17995145684654], [0.0, 0.0, 0.0, 1.0]]}, "guid": "225e76a3-0592-4674-8f03-2d2d960c39bc"}, "features": [], "name": "beds_0_3_0", "debug": [], "modelgeometry": null}, "name": "beds_0_3_0", "guid": "6046521e-58d8-4043-90af-3c86e97f1af0"}, "9631943e-9b5c-4a5c-8875-4e9e9b6c4404": {"dtype": "compas_tf.plate/PlateElement", "data": {"polygon": {"dtype": "compas.geometry/Polygon", "data": {"points": [[-849.8530812628708, -1563.563740676842, -220.51033860110886], [-849.8530812628708, -2900.0, -220.51033860110886], [-424.9349201589642, -2900.0, -182.6190143924353], [-424.9349201589642, -1273.7528101762273, -182.6190143924353]]}, "guid": "b0b039a4-5184-4220-8409-76def5c40a91"}, "thickness": 0.1, "top": {"dtype": "compas.geometry/Polygon", "data": {"points": [[-853.0394958595282, -1565.7370009978858, -193.68734386892476], [-853.0394958595282, -2900.0, -193.68734386892476], [-426.5365069846225, -2900.0, -155.65469545153812], [-426.5365069846225, -1274.8451555045976, -155.65469545153812]]}, "guid": "15bf437e-553d-4744-a997-a462e5b77cca"}, "bottom": {"dtype": "compas.geometry/Polygon", "data": {"points": [[-849.8530812628708, -1563.563740676842, -220.51033860110886], [-849.8530812628708, -2900.0, -220.51033860110886], [-424.9349201589642, -2900.0, -182.6190143924353], [-424.9349201589642, -1273.7528101762273, -182.6190143924353]]}, "guid": "b0b039a4-5184-4220-8409-76def5c40a91"}, "top_polyline": {"dtype": "compas.geometry/Polyline", "data": {"points": [[-853.0394958595282, -1565.7370009978858, -193.68734386892476], [-853.0394958595282, -2900.0, -193.68734386892476], [-426.5365069846225, -2900.0, -155.65469545153812], [-426.5365069846225, -1274.8451555045976, -155.65469545153812], [-853.0394958595282, -1565.7370009978858, -193.68734386892476]]}, "guid": "d0c6912d-0211-476d-9528-da0c59d7ff65"}, "bottom_polyline": {"dtype": "compas.geometry/Polyline", "data": {"points": [[-849.8530812628708, -1563.563740676842, -220.51033860110886], [-849.8530812628708, -2900.0, -220.51033860110886], [-424.9349201589642, -2900.0, -182.6190143924353], [-424.9349201589642, -1273.7528101762273, -182.6190143924353], [-849.8530812628708, -1563.563740676842, -220.51033860110886]]}, "guid": "0d31435c-2983-4934-8660-896401eafd8f"}, "transformation": {"dtype": "compas.geometry/Transformation", "data": {"matrix": [[0.9960299798403287, -0.005952092211492344, 0.08881920883221353, 334.71211887223967], [0.005928567303218334, 0.9999822861422628, 0.0005286694858970935, -389.5374539997903], [-0.08882078219091344, 9.714451465470123e-17, 0.9960476236862346, 144.15418333675598], [0.0, 0.0, 0.0, 1.0]]}, "guid": "6c64a357-04a8-4f1e-8ac2-13243afd01e4"}, "features": [], "name": "beds_0_4_0", "debug": [], "modelgeometry": null}, "name": "beds_0_4_0", "guid": "9631943e-9b5c-4a5c-8875-4e9e9b6c4404"}, "05849903-4cbe-42d4-8b9a-13da260fe1d0": {"dtype": "compas_tf.plate/PlateElement", "data": {"polygon": {"dtype": "compas.geometry/Polygon", "data": {"points": [[-424.9349201589642, -1273.7528101762273, -182.6190143924353], [-424.9349201589642, -2900.0, -182.6190143924353], [-60.0, -2900.0, -171.77153940345835], [-60.0, -1024.8528137423855, -171.77153940345835]]}, "guid": "6b762f16-4045-47a3-afea-b4e9a8b783fd"}, "thickness": 0.1, "top": {"dtype": "compas.geometry/Polygon", "data": {"points": [[-426.5365069846225, -1274.8451555045976, -155.65469545153812], [-426.5365069846225, -2900.0, -155.65469545153812], [-60.0, -2900.0, -144.75961423998746], [-60.0, -1024.8528137423855, -144.75961423998746]]}, "guid": "c6d9e834-65a2-4561-a1d2-1c0861e95d1b"}, "bottom": {"dtype": "compas.geometry/Polygon", "data": {"points": [[-424.9349201589642, -1273.7528101762273, -182.6190143924353], [-424.9349201589642, -2900.0, -182.6190143924353], [-60.0, -2900.0, -171.77153940345835], [-60.0, -1024.8528137423855, -171.77153940345835]]}, "guid": "6b762f16-4045-47a3-afea-b4e9a8b783fd"}, "top_polyline": {"dtype": "compas.geometry/Polyline", "data": {"points": [[-426.5365069846225, -1274.8451555045976, -155.65469545153812], [-426.5365069846225, -2900.0, -155.65469545153812], [-60.0, -2900.0, -144.75961423998746], [-60.0, -1024.8528137423855, -144.75961423998746], [-426.5365069846225, -1274.8451555045976, -155.65469545153812]]}, "guid": "a9d1015d-4f5d-4bdb-963d-e799a00eb02e"}, "bottom_polyline": {"dtype": "compas.geometry/Polyline", "data": {"points": [[-424.9349201589642, -1273.7528101762273, -182.6190143924353], [-424.9349201589642, -2900.0, -182.6190143924353], [-60.0, -2900.0, -171.77153940345835], [-60.0, -1024.8528137423855, -171.77153940345835], [-424.9349201589642, -1273.7528101762273, -182.6190143924353]]}, "guid": "471a5a38-0844-4357-8942-281f679d4c7e"}, "transformation": {"dtype": "compas.geometry/Transformation", "data": {"matrix": [[0.9995408162300634, -0.005952092211492344, 0.0297107604824301, 325.40966927329913], [0.005949464495319381, 0.9999822861422628, 0.00017684431865998686, -389.59282401841256], [-0.02971128678393742, 9.714451465470123e-17, 0.9995585222675272, 169.9130288867027], [0.0, 0.0, 0.0, 1.0]]}, "guid": "51fa17b5-122d-4852-82b1-064b3cf2f18a"}, "features": [], "name": "beds_0_5_0", "debug": [], "modelgeometry": null}, "name": "beds_0_5_0", "guid": "05849903-4cbe-42d4-8b9a-13da260fe1d0"}, "fffe36f8-e571-4593-a616-1a891a339acf": {"dtype": "compas_model.elements/Group", "data": {"transformation": {"dtype": "compas.geometry/Transformation", "data": {"matrix": [[1.0, 0.0, 0.0, 0.0], [0.0, 1.0, 0.0, 0.0], [0.0, 0.0, 1.0, 0.0], [0.0, 0.0, 0.0, 1.0]]}, "guid": "9b257941-b654-4e0f-a532-3bf0005221a9"}, "features": [], "name": "beds_1_0", "material": null}, "name": "beds_1_0", "guid": "fffe36f8-e571-4593-a616-1a891a339acf"}, "a043dad8-6f32-4e95-83d5-ffdd745f7edd": {"dtype": "compas_tf.plate/PlateElement", "data": {"polygon": {"dtype": "compas.geometry/Polygon", "data": {"points": [[-2724.1905693920576, -2769.309052843264, -667.7001200524364], [-2167.5345043957973, -2389.6476805303787, -485.69111927334325], [-2389.6476805303787, -2167.5345043957973, -485.69111927334325], [-2769.309052843264, -2724.1905693920576, -667.7001200524364]]}, "guid": "a01139a8-dfd2-48a9-aba7-11d04271cdf5"}, "thickness": 0.1, "top": {"dtype": "compas.geometry/Polygon", "data": {"points": [[-2728.207180549177, -2772.0485399338595, -640.6068024777409], [-2175.22456880885, -2394.892607500237, -459.79890521402166], [-2394.892607500237, -2175.22456880885, -459.79890521402166], [-2772.0485399338595, -2728.207180549177, -640.6068024777409]]}, "guid": "0fdc5856-d6dc-417e-af31-230581f294f3"}, "bottom": {"dtype": "compas.geometry/Polygon", "data": {"points": [[-2724.1905693920576, -2769.309052843264, -667.7001200524364], [-2167.5345043957973, -2389.6476805303787, -485.69111927334325], [-2389.6476805303787, -2167.5345043957973, -485.69111927334325], [-2769.309052843264, -2724.1905693920576, -667.7001200524364]]}, "guid": "a01139a8-dfd2-48a9-aba7-11d04271cdf5"}, "top_polyline": {"dtype": "compas.geometry/Polyline", "data": {"points": [[-2728.207180549177, -2772.0485399338595, -640.6068024777409], [-2175.22456880885, -2394.892607500237, -459.79890521402166], [-2394.892607500237, -2175.22456880885, -459.79890521402166], [-2772.0485399338595, -2728.207180549177, -640.6068024777409], [-2728.207180549177, -2772.0485399338595, -640.6068024777409]]}, "guid": "7ed66487-84eb-4b95-84c5-f84dc90792f9"}, "bottom_polyline": {"dtype": "compas.geometry/Polyline", "data": {"points": [[-2724.1905693920576, -2769.309052843264, -667.7001200524364], [-2167.5345043957973, -2389.6476805303787, -485.69111927334325], [-2389.6476805303787, -2167.5345043957973, -485.69111927334325], [-2769.309052843264, -2724.1905693920576, -667.7001200524364], [-2724.1905693920576, -2769.309052843264, -667.7001200524364]]}, "guid": "28ced3f9-f109-4316-8b7f-f02feff296b7"}, "transformation": {"dtype": "compas.geometry/Transformation", "data": {"matrix": [[0.9821142394100826, -0.01788576058991731, 0.18743457609543293, 369.84682662240925], [-0.017885760589917032, 0.9821142394100826, 0.1874345760954333, 369.8468266224115], [-0.1874345760954329, -0.1874345760954332, 0.9642284788201654, -385.8563019078979], [0.0, 0.0, 0.0, 1.0]]}, "guid": "91de8fc6-7ef8-477c-833a-02a1d6b4a4da"}, "features": [], "name": "beds_1_0_0", "debug": [], "modelgeometry": null}, "name": "beds_1_0_0", "guid": "a043dad8-6f32-4e95-83d5-ffdd745f7edd"}, "9f2d9609-0760-4c47-82ca-13ce513d3c2c": {"dtype": "compas_tf.plate/PlateElement", "data": {"polygon": {"dtype": "compas.geometry/Polygon", "data": {"points": [[-2167.5345043957973, -2389.6476805303787, -485.69111927334325], [-1742.7549334577807, -2099.9312739842835, -372.0542222450554], [-2099.9312739842835, -1742.7549334577807, -372.0542222450554], [-2389.6476805303787, -2167.5345043957973, -485.69111927334325]]}, "guid": "e4d29e46-1940-456a-b43f-12130963e423"}, "thickness": 0.1, "top": {"dtype": "compas.geometry/Polygon", "data": {"points": [[-2175.22456880885, -2394.892607500237, -459.79890521402166], [-1748.998760267158, -2104.1898099169657, -345.7751111575072], [-2104.1898099169657, -1748.998760267158, -345.7751111575072], [-2394.892607500237, -2175.22456880885, -459.79890521402166]]}, "guid": "0a308c8e-f95f-49aa-af96-d0c7e631c3eb"}, "bottom": {"dtype": "compas.geometry/Polygon", "data": {"points": [[-2167.5345043957973, -2389.6476805303787, -485.69111927334325], [-1742.7549334577807, -2099.9312739842835, -372.0542222450554], [-2099.9312739842835, -1742.7549334577807, -372.0542222450554], [-2389.6476805303787, -2167.5345043957973, -485.69111927334325]]}, "guid": "e4d29e46-1940-456a-b43f-12130963e423"}, "top_polyline": {"dtype": "compas.geometry/Polyline", "data": {"points": [[-2175.22456880885, -2394.892607500237, -459.79890521402166], [-1748.998760267158, -2104.1898099169657, -345.7751111575072], [-2104.1898099169657, -1748.998760267158, -345.7751111575072], [-2394.892607500237, -2175.22456880885, -459.79890521402166], [-2175.22456880885, -2394.892607500237, -459.79890521402166]]}, "guid": "cc9198e5-3963-4b8b-a477-0929be0dc9b2"}, "bottom_polyline": {"dtype": "compas.geometry/Polyline", "data": {"points": [[-2167.5345043957973, -2389.6476805303787, -485.69111927334325], [-1742.7549334577807, -2099.9312739842835, -372.0542222450554], [-2099.9312739842835, -1742.7549334577807, -372.0542222450554], [-2389.6476805303787, -2167.5345043957973, -485.69111927334325], [-2167.5345043957973, -2389.6476805303787, -485.69111927334325]]}, "guid": "2efeafd7-01c8-437b-8a20-8ffdc7db9617"}, "transformation": {"dtype": "compas.geometry/Transformation", "data": {"matrix": [[0.9878128825353603, -0.012187117464639586, 0.15516824180574137, 380.14510953516884], [-0.012187117464639297, 0.9878128825353603, 0.15516824180574174, 380.1451095351712], [-0.15516824180574135, -0.15516824180574165, 0.9756257650707209, -233.27717739433183], [0.0, 0.0, 0.0, 1.0]]}, "guid": "679543e0-9367-4dce-9ee4-a8a8e5c3b966"}, "features": [], "name": "beds_1_1_0", "debug": [], "modelgeometry": null}, "name": "beds_1_1_0", "guid": "9f2d9609-0760-4c47-82ca-13ce513d3c2c"}, "621e0b9d-4c15-4950-b37f-90345fff57ef": {"dtype": "compas_tf.plate/PlateElement", "data": {"polygon": {"dtype": "compas.geometry/Polygon", "data": {"points": [[-1742.7549334577807, -2099.9312739842835, -372.0542222450554], [-1317.9163594171237, -1810.1746249970697, -283.6576921741005], [-1810.1746249970697, -1317.9163594171237, -283.6576921741005], [-2099.9312739842835, -1742.7549334577807, -372.0542222450554]]}, "guid": "c6e5276a-ae32-4c63-82fc-d8a07dae93b4"}, "thickness": 0.1, "top": {"dtype": "compas.geometry/Polygon", "data": {"points": [[-1748.998760267158, -2104.1898099169657, -345.7751111575072], [-1322.654945517398, -1813.406527449556, -257.06538434845777], [-1813.406527449556, -1322.654945517398, -257.06538434845777], [-2104.1898099169657, -1748.998760267158, -345.7751111575072]]}, "guid": "33d41745-c1d9-4cb2-8a44-775df94242b6"}, "bottom": {"dtype": "compas.geometry/Polygon", "data": {"points": [[-1742.7549334577807, -2099.9312739842835, -372.0542222450554], [-1317.9163594171237, -1810.1746249970697, -283.6576921741005], [-1810.1746249970697, -1317.9163594171237, -283.6576921741005], [-2099.9312739842835, -1742.7549334577807, -372.0542222450554]]}, "guid": "c6e5276a-ae32-4c63-82fc-d8a07dae93b4"}, "top_polyline": {"dtype": "compas.geometry/Polyline", "data": {"points": [[-1748.998760267158, -2104.1898099169657, -345.7751111575072], [-1322.654945517398, -1813.406527449556, -257.06538434845777], [-1813.406527449556, -1322.654945517398, -257.06538434845777], [-2104.1898099169657, -1748.998760267158, -345.7751111575072], [-1748.998760267158, -2104.1898099169657, -345.7751111575072]]}, "guid": "66479243-048f-4f26-9635-452f02372582"}, "bottom_polyline": {"dtype": "compas.geometry/Polyline", "data": {"points": [[-1742.7549334577807, -2099.9312739842835, -372.0542222450554], [-1317.9163594171237, -1810.1746249970697, -283.6576921741005], [-1810.1746249970697, -1317.9163594171237, -283.6576921741005], [-2099.9312739842835, -1742.7549334577807, -372.0542222450554], [-1742.7549334577807, -2099.9312739842835, -372.0542222450554]]}, "guid": "b92cd205-23d8-4bd6-87d4-1069fe78daac"}, "transformation": {"dtype": "compas.geometry/Transformation", "data": {"matrix": [[0.992520217382723, -0.00747978261727681, 0.12185101943992871, 385.83810697226346], [-0.007479782617276512, 0.992520217382723, 0.12185101943992906, 385.83810697226556], [-0.1218510194399287, -0.121851019439929, 0.9850404347654463, -101.74677892797808], [0.0, 0.0, 0.0, 1.0]]}, "guid": "1aca09c0-acd5-4cdb-81a9-b1786cc2ca8f"}, "features": [], "name": "beds_1_2_0", "debug": [], "modelgeometry": null}, "name": "beds_1_2_0", "guid": "621e0b9d-4c15-4950-b37f-90345fff57ef"}, "aef85d89-e977-420b-b64e-7163da728095": {"dtype": "compas_tf.plate/PlateElement", "data": {"polygon": {"dtype": "compas.geometry/Polygon", "data": {"points": [[-1317.9163594171237, -1810.1746249970697, -283.6576921741005], [-893.0308545814481, -1520.3859673582647, -220.51033860110886], [-1520.3859673582647, -893.0308545814481, -220.51033860110886], [-1810.1746249970697, -1317.9163594171237, -283.6576921741005]]}, "guid": "78f8bc94-0caf-492f-9edc-4a4f92d073cb"}, "thickness": 0.1, "top": {"dtype": "compas.geometry/Polygon", "data": {"points": [[-1322.654945517398, -1813.406527449556, -257.06538434845777], [-896.2172691781057, -1522.5592276793084, -193.68734386892476], [-1522.5592276793084, -896.2172691781057, -193.68734386892476], [-1813.406527449556, -1322.654945517398, -257.06538434845777]]}, "guid": "7661a216-9ce7-43d1-8e4a-fc8fd34a5dd0"}, "bottom": {"dtype": "compas.geometry/Polygon", "data": {"points": [[-1317.9163594171237, -1810.1746249970697, -283.6576921741005], [-893.0308545814481, -1520.3859673582647, -220.51033860110886], [-1520.3859673582647, -893.0308545814481, -220.51033860110886], [-1810.1746249970697, -1317.9163594171237, -283.6576921741005]]}, "guid": "78f8bc94-0caf-492f-9edc-4a4f92d073cb"}, "top_polyline": {"dtype": "compas.geometry/Polyline", "data": {"points": [[-1322.654945517398, -1813.406527449556, -257.06538434845777], [-896.2172691781057, -1522.5592276793084, -193.68734386892476], [-1522.5592276793084, -896.2172691781057, -193.68734386892476], [-1813.406527449556, -1322.654945517398, -257.06538434845777], [-1322.654945517398, -1813.406527449556, -257.06538434845777]]}, "guid": "e8ffde41-768f-4dba-95e0-d0f310c23496"}, "bottom_polyline": {"dtype": "compas.geometry/Polyline", "data": {"points": [[-1317.9163594171237, -1810.1746249970697, -283.6576921741005], [-893.0308545814481, -1520.3859673582647, -220.51033860110886], [-1520.3859673582647, -893.0308545814481, -220.51033860110886], [-1810.1746249970697, -1317.9163594171237, -283.6576921741005], [-1317.9163594171237, -1810.1746249970697, -283.6576921741005]]}, "guid": "be60bd42-df43-4084-b88e-37c079890ca7"}, "transformation": {"dtype": "compas.geometry/Transformation", "data": {"matrix": [[0.996141537634734, -0.0038584623652658722, 0.08767638944940132, 387.47202953023873], [-0.0038584623652655565, 0.9961415376347341, 0.08767638944940165, 387.4720295302409], [-0.0876763894494013, -0.0876763894494016, 0.9922830752694681, 7.2090037316988855], [0.0, 0.0, 0.0, 1.0]]}, "guid": "3e152c68-d58a-4148-9118-b669e6227c9c"}, "features": [], "name": "beds_1_3_0", "debug": [], "modelgeometry": null}, "name": "beds_1_3_0", "guid": "aef85d89-e977-420b-b64e-7163da728095"}, "bea12d66-4e07-4887-a160-53efa5b294b7": {"dtype": "compas_tf.plate/PlateElement", "data": {"polygon": {"dtype": "compas.geometry/Polygon", "data": {"points": [[-893.0308545814481, -1520.3859673582647, -220.51033860110886], [-468.1126934775415, -1230.57503685765, -182.6190143924353], [-1230.57503685765, -468.1126934775415, -182.6190143924353], [-1520.3859673582647, -893.0308545814481, -220.51033860110886]]}, "guid": "a0cbd6ce-69d1-4a02-8a43-f64e442ea325"}, "thickness": 0.1, "top": {"dtype": "compas.geometry/Polygon", "data": {"points": [[-896.2172691781057, -1522.5592276793084, -193.68734386892476], [-469.71428030319987, -1231.6673821860204, -155.65469545153812], [-1231.6673821860204, -469.71428030319987, -155.65469545153812], [-1522.5592276793084, -896.2172691781057, -193.68734386892476]]}, "guid": "95a3d7ec-cc20-48e8-9b7a-bc01c1d8c5a9"}, "bottom": {"dtype": "compas.geometry/Polygon", "data": {"points": [[-893.0308545814481, -1520.3859673582647, -220.51033860110886], [-468.1126934775415, -1230.57503685765, -182.6190143924353], [-1230.57503685765, -468.1126934775415, -182.6190143924353], [-1520.3859673582647, -893.0308545814481, -220.51033860110886]]}, "guid": "a0cbd6ce-69d1-4a02-8a43-f64e442ea325"}, "top_polyline": {"dtype": "compas.geometry/Polyline", "data": {"points": [[-896.2172691781057, -1522.5592276793084, -193.68734386892476], [-469.71428030319987, -1231.6673821860204, -155.65469545153812], [-1231.6673821860204, -469.71428030319987, -155.65469545153812], [-1522.5592276793084, -896.2172691781057, -193.68734386892476], [-896.2172691781057, -1522.5592276793084, -193.68734386892476]]}, "guid": "e8880216-70f0-4127-a550-e88cadd56c24"}, "bottom_polyline": {"dtype": "compas.geometry/Polyline", "data": {"points": [[-893.0308545814481, -1520.3859673582647, -220.51033860110886], [-468.1126934775415, -1230.57503685765, -182.6190143924353], [-1230.57503685765, -468.1126934775415, -182.6190143924353], [-1520.3859673582647, -893.0308545814481, -220.51033860110886], [-893.0308545814481, -1520.3859673582647, -220.51033860110886]]}, "guid": "d6b0221f-d26f-49cf-a6d0-4b9094a4e109"}, "transformation": {"dtype": "compas.geometry/Transformation", "data": {"matrix": [[0.998600604671752, -0.0013993953282480983, 0.0528665682821048, 385.73085783141033], [-0.0013993953282477756, 0.998600604671752, 0.05286656828210512, 385.7308578314123], [-0.05286656828210481, -0.05286656828210512, 0.9972012093435036, 92.30411111551712], [0.0, 0.0, 0.0, 1.0]]}, "guid": "a344dddc-75a3-47b6-bd39-c23be996fd2d"}, "features": [], "name": "beds_1_4_0", "debug": [], "modelgeometry": null}, "name": "beds_1_4_0", "guid": "bea12d66-4e07-4887-a160-53efa5b294b7"}, "e055c50c-dcee-4f22-852f-8b0f38120bab": {"dtype": "compas_tf.plate/PlateElement", "data": {"polygon": {"dtype": "compas.geometry/Polygon", "data": {"points": [[-468.1126934775415, -1230.57503685765, -182.6190143924353], [-103.17777331857752, -981.6750404238084, -171.77153940345835], [-981.6750404238084, -103.17777331857752, -171.77153940345835], [-1230.57503685765, -468.1126934775415, -182.6190143924353]]}, "guid": "2302600e-8a27-476b-b31b-873b12a023bb"}, "thickness": 0.1, "top": {"dtype": "compas.geometry/Polygon", "data": {"points": [[-469.71428030319987, -1231.6673821860204, -155.65469545153812], [-103.17777331857748, -981.6750404238082, -144.75961423998746], [-981.6750404238082, -103.17777331857748, -144.75961423998746], [-1231.6673821860204, -469.71428030319987, -155.65469545153812]]}, "guid": "9fe556d5-fdbf-4090-8bdf-7f18730aa784"}, "bottom": {"dtype": "compas.geometry/Polygon", "data": {"points": [[-468.1126934775415, -1230.57503685765, -182.6190143924353], [-103.17777331857752, -981.6750404238084, -171.77153940345835], [-981.6750404238084, -103.17777331857752, -171.77153940345835], [-1230.57503685765, -468.1126934775415, -182.6190143924353]]}, "guid": "2302600e-8a27-476b-b31b-873b12a023bb"}, "top_polyline": {"dtype": "compas.geometry/Polyline", "data": {"points": [[-469.71428030319987, -1231.6673821860204, -155.65469545153812], [-103.17777331857748, -981.6750404238082, -144.75961423998746], [-981.6750404238082, -103.17777331857748, -144.75961423998746], [-1231.6673821860204, -469.71428030319987, -155.65469545153812], [-469.71428030319987, -1231.6673821860204, -155.65469545153812]]}, "guid": "0d2b22da-86bf-4579-8152-ad8ce5b1b9c1"}, "bottom_polyline": {"dtype": "compas.geometry/Polyline", "data": {"points": [[-468.1126934775415, -1230.57503685765, -182.6190143924353], [-103.17777331857752, -981.6750404238084, -171.77153940345835], [-981.6750404238084, -103.17777331857752, -171.77153940345835], [-1230.57503685765, -468.1126934775415, -182.6190143924353], [-468.1126934775415, -1230.57503685765, -182.6190143924353]]}, "guid": "30ce2c1f-7793-404f-a33a-ca952dc0fe89"}, "transformation": {"dtype": "compas.geometry/Transformation", "data": {"matrix": [[0.9998439295210042, -0.00015607047899573664, 0.017666132627214656, 381.4146096321758], [-0.0001560704789954001, 0.9998439295210043, 0.01766613262721494, 381.4146096321778], [-0.01766613262721465, -0.017666132627214958, 0.9996878590420084, 152.55276878201266], [0.0, 0.0, 0.0, 1.0]]}, "guid": "d715b059-2e3e-4dc8-8378-4ed2a0a32c5a"}, "features": [], "name": "beds_1_5_0", "debug": [], "modelgeometry": null}, "name": "beds_1_5_0", "guid": "e055c50c-dcee-4f22-852f-8b0f38120bab"}, "009c4123-720e-491e-97da-8f64a3831425": {"dtype": "compas_model.elements/Group", "data": {"transformation": {"dtype": "compas.geometry/Transformation", "data": {"matrix": [[1.0, 0.0, 0.0, 0.0], [0.0, 1.0, 0.0, 0.0], [0.0, 0.0, 1.0, 0.0], [0.0, 0.0, 0.0, 1.0]]}, "guid": "64ab258c-8066-4f12-a600-7084a922e0eb"}, "features": [], "name": "beds_2_0", "material": null}, "name": "beds_2_0", "guid": "009c4123-720e-491e-97da-8f64a3831425"}, "c687629c-2fc3-4804-8f8b-b11ec1f36287": {"dtype": "compas_tf.plate/PlateElement", "data": {"polygon": {"dtype": "compas.geometry/Polygon", "data": {"points": [[-2812.4868261619267, -2681.012796073606, -667.7001200524775], [-2432.825453848956, -2124.35673107722, -485.69111927334325], [-2900.0, -2124.35673107722, -485.69111927334325], [-2900.0, -2681.012796073606, -667.7001200524775]]}, "guid": "2a937d4c-a13b-453c-a04c-e22d8874e338"}, "thickness": 0.1, "top": {"dtype": "compas.geometry/Polygon", "data": {"points": [[-2815.226313252519, -2685.0294072307197, -640.6068024777801], [-2438.070380818814, -2132.046795490273, -459.79890521402166], [-2900.0, -2132.046795490273, -459.79890521402166], [-2900.0, -2685.0294072307197, -640.6068024777801]]}, "guid": "e86405bb-c14a-4cbe-85a8-80e91fe3d020"}, "bottom": {"dtype": "compas.geometry/Polygon", "data": {"points": [[-2812.4868261619267, -2681.012796073606, -667.7001200524775], [-2432.825453848956, -2124.35673107722, -485.69111927334325], [-2900.0, -2124.35673107722, -485.69111927334325], [-2900.0, -2681.012796073606, -667.7001200524775]]}, "guid": "2a937d4c-a13b-453c-a04c-e22d8874e338"}, "top_polyline": {"dtype": "compas.geometry/Polyline", "data": {"points": [[-2815.226313252519, -2685.0294072307197, -640.6068024777801], [-2438.070380818814, -2132.046795490273, -459.79890521402166], [-2900.0, -2132.046795490273, -459.79890521402166], [-2900.0, -2685.0294072307197, -640.6068024777801], [-2815.226313252519, -2685.0294072307197, -640.6068024777801]]}, "guid": "46a8c82e-ed59-45e7-8424-000880202827"}, "bottom_polyline": {"dtype": "compas.geometry/Polyline", "data": {"points": [[-2812.4868261619267, -2681.012796073606, -667.7001200524775], [-2432.825453848956, -2124.35673107722, -485.69111927334325], [-2900.0, -2124.35673107722, -485.69111927334325], [-2900.0, -2681.012796073606, -667.7001200524775], [-2812.4868261619267, -2681.012796073606, -667.7001200524775]]}, "guid": "13c75595-e98e-425d-905f-3f4e4b091767"}, "transformation": {"dtype": "compas.geometry/Transformation", "data": {"matrix": [[0.9999822861422627, 0.005657359911721449, 0.0018497785065662437, -389.53257839190775], [-0.0059520922114922326, 0.9504657349107608, 0.3107723593868242, 335.5312462218658], [5.134781488891351e-16, -0.3107778644617032, 0.9504825716238167, -198.5621041772447], [0.0, 0.0, 0.0, 1.0]]}, "guid": "1342caf4-c422-44ce-b6ba-c65154fe2910"}, "features": [], "name": "beds_2_0_0", "debug": [], "modelgeometry": null}, "name": "beds_2_0_0", "guid": "c687629c-2fc3-4804-8f8b-b11ec1f36287"}, "0431d36c-b0bf-4f92-91fa-4ffaf9257263": {"dtype": "compas_tf.plate/PlateElement", "data": {"polygon": {"dtype": "compas.geometry/Polygon", "data": {"points": [[-2432.825453848956, -2124.35673107722, -485.69111927334325], [-2143.1090473028607, -1699.5771601392034, -372.0542222450554], [-2900.0, -1699.5771601392034, -372.0542222450554], [-2900.0, -2124.35673107722, -485.69111927334325]]}, "guid": "1599c419-2c66-40e6-8efb-4f089111fe47"}, "thickness": 0.1, "top": {"dtype": "compas.geometry/Polygon", "data": {"points": [[-2438.070380818814, -2132.046795490273, -459.79890521402166], [-2147.3675832355434, -1705.8209869485806, -345.7751111575072], [-2900.0, -1705.8209869485806, -345.7751111575072], [-2900.0, -2132.046795490273, -459.79890521402166]]}, "guid": "ee127188-be99-4da1-9628-5e212b19a616"}, "bottom": {"dtype": "compas.geometry/Polygon", "data": {"points": [[-2432.825453848956, -2124.35673107722, -485.69111927334325], [-2143.1090473028607, -1699.5771601392034, -372.0542222450554], [-2900.0, -1699.5771601392034, -372.0542222450554], [-2900.0, -2124.35673107722, -485.69111927334325]]}, "guid": "1599c419-2c66-40e6-8efb-4f089111fe47"}, "top_polyline": {"dtype": "compas.geometry/Polyline", "data": {"points": [[-2438.070380818814, -2132.046795490273, -459.79890521402166], [-2147.3675832355434, -1705.8209869485806, -345.7751111575072], [-2900.0, -1705.8209869485806, -345.7751111575072], [-2900.0, -2132.046795490273, -459.79890521402166], [-2438.070380818814, -2132.046795490273, -459.79890521402166]]}, "guid": "f40e5d48-4c22-486b-8856-c5d2754ab0d7"}, "bottom_polyline": {"dtype": "compas.geometry/Polyline", "data": {"points": [[-2432.825453848956, -2124.35673107722, -485.69111927334325], [-2143.1090473028607, -1699.5771601392034, -372.0542222450554], [-2900.0, -1699.5771601392034, -372.0542222450554], [-2900.0, -2124.35673107722, -485.69111927334325], [-2432.825453848956, -2124.35673107722, -485.69111927334325]]}, "guid": "05eb9f7a-040d-47df-9418-363e88570ba1"}, "transformation": {"dtype": "compas.geometry/Transformation", "data": {"matrix": [[0.9999822861422627, 0.0057498965315655294, 0.0015382105091300276, -389.4873234100754], [-0.0059520922114922326, 0.9660123658055108, 0.2584273238439505, 343.1343173074796], [5.134781488891351e-16, -0.2584319016698915, 0.9660294779142529, -79.80961145830224], [0.0, 0.0, 0.0, 1.0]]}, "guid": "3d4a0a30-f016-4ec7-b64d-79dd515bbc66"}, "features": [], "name": "beds_2_1_0", "debug": [], "modelgeometry": null}, "name": "beds_2_1_0", "guid": "0431d36c-b0bf-4f92-91fa-4ffaf9257263"}, "383d09aa-af60-4b52-860e-ba3ee5c8fe43": {"dtype": "compas_tf.plate/PlateElement", "data": {"polygon": {"dtype": "compas.geometry/Polygon", "data": {"points": [[-2143.1090473028607, -1699.5771601392034, -372.0542222450554], [-1853.352398315647, -1274.7385860985464, -283.6576921741005], [-2900.0, -1274.7385860985464, -283.6576921741005], [-2900.0, -1699.5771601392034, -372.0542222450554]]}, "guid": "4c0f7329-c3eb-4c2d-88f6-d6b6525e56e7"}, "thickness": 0.1, "top": {"dtype": "compas.geometry/Polygon", "data": {"points": [[-2147.3675832355434, -1705.8209869485806, -345.7751111575072], [-1856.5843007681333, -1279.4771721988207, -257.06538434845777], [-2900.0, -1279.4771721988207, -257.06538434845777], [-2900.0, -1705.8209869485806, -345.7751111575072]]}, "guid": "4f9c168f-21e1-4d93-a3a2-0275946eee90"}, "bottom": {"dtype": "compas.geometry/Polygon", "data": {"points": [[-2143.1090473028607, -1699.5771601392034, -372.0542222450554], [-1853.352398315647, -1274.7385860985464, -283.6576921741005], [-2900.0, -1274.7385860985464, -283.6576921741005], [-2900.0, -1699.5771601392034, -372.0542222450554]]}, "guid": "4c0f7329-c3eb-4c2d-88f6-d6b6525e56e7"}, "top_polyline": {"dtype": "compas.geometry/Polyline", "data": {"points": [[-2147.3675832355434, -1705.8209869485806, -345.7751111575072], [-1856.5843007681333, -1279.4771721988207, -257.06538434845777], [-2900.0, -1279.4771721988207, -257.06538434845777], [-2900.0, -1705.8209869485806, -345.7751111575072], [-2147.3675832355434, -1705.8209869485806, -345.7751111575072]]}, "guid": "1a468cb4-5382-42af-b31b-e7c242a1518f"}, "bottom_polyline": {"dtype": "compas.geometry/Polyline", "data": {"points": [[-2143.1090473028607, -1699.5771601