{"dtype": "compas_model.models/Model", "data": {"transformation": {"dtype": "compas.geometry/Transformation", "data": {"matrix": [[1.0, 0.0, 0.0, 0.0], [0.0, 1.0, 0.0, 0.0], [0.0, 0.0, 1.0, 0.0], [0.0, 0.0, 0.0, 1.0]]}, "guid": "672e1d43-2ee0-4a93-9357-1543a531ae71"}, "elements": {"cdc6240a-20e5-4b65-86cb-d39255b7e6c4": {"dtype": "compas_model.elements/Group", "data": {"transformation": {"dtype": "compas.geometry/Transformation", "data": {"matrix": [[1.0, 0.0, 0.0, 0.0], [0.0, 1.0, 0.0, 0.0], [0.0, 0.0, 1.0, 0.0], [0.0, 0.0, 0.0, 1.0]]}, "guid": "26ee183b-7988-4ab1-a2d2-f5f3e6d50244"}, "features": [], "name": "beds_0", "material": null}, "name": "beds_0", "guid": "cdc6240a-20e5-4b65-86cb-d39255b7e6c4"}, "6873f569-c089-4ab8-90b5-5e6b84a4532f": {"dtype": "compas_model.elements/Group", "data": {"transformation": {"dtype": "compas.geometry/Transformation", "data": {"matrix": [[1.0, 0.0, 0.0, 0.0], [0.0, 1.0, 0.0, 0.0], [0.0, 0.0, 1.0, 0.0], [0.0, 0.0, 0.0, 1.0]]}, "guid": "13a3b12a-8de2-4400-b3be-d274de553963"}, "features": [], "name": "beds_0_0", "material": null}, "name": "beds_0_0", "guid": "6873f569-c089-4ab8-90b5-5e6b84a4532f"}, "3f405a41-dc05-4f7d-ace6-0875c8106dee": {"dtype": "compas_tf.plate/PlateElement", "data": {"polygon": {"dtype": "compas.geometry/Polygon", "data": {"points": [[-2681.012796073606, -2812.4868261619267, -667.7001200524775], [-2681.012796073606, -2900.0, -667.7001200524775], [-2124.35673107722, -2900.0, -485.69111927334325], [-2124.35673107722, -2432.825453848956, -485.69111927334325]]}, "guid": "b181c66f-cb79-4f57-9757-140e806897dd"}, "thickness": 0.1, "top": {"dtype": "compas.geometry/Polygon", "data": {"points": [[-2685.0294072307197, -2815.226313252519, -640.6068024777801], [-2685.0294072307197, -2900.0, -640.6068024777801], [-2132.046795490273, -2900.0, -459.79890521402166], [-2132.046795490273, -2438.070380818814, -459.79890521402166]]}, "guid": "fa76f083-34a6-4223-abde-f0e94e1639e0"}, "bottom": {"dtype": "compas.geometry/Polygon", "data": {"points": [[-2681.012796073606, -2812.4868261619267, -667.7001200524775], [-2681.012796073606, -2900.0, -667.7001200524775], [-2124.35673107722, -2900.0, -485.69111927334325], [-2124.35673107722, -2432.825453848956, -485.69111927334325]]}, "guid": "b181c66f-cb79-4f57-9757-140e806897dd"}, "top_polyline": {"dtype": "compas.geometry/Polyline", "data": {"points": [[-2685.0294072307197, -2815.226313252519, -640.6068024777801], [-2685.0294072307197, -2900.0, -640.6068024777801], [-2132.046795490273, -2900.0, -459.79890521402166], [-2132.046795490273, -2438.070380818814, -459.79890521402166], [-2685.0294072307197, -2815.226313252519, -640.6068024777801]]}, "guid": "971da914-1ca5-4e0d-9edd-dac16ba919c1"}, "bottom_polyline": {"dtype": "compas.geometry/Polyline", "data": {"points": [[-2681.012796073606, -2812.4868261619267, -667.7001200524775], [-2681.012796073606, -2900.0, -667.7001200524775], [-2124.35673107722, -2900.0, -485.69111927334325], [-2124.35673107722, -2432.825453848956, -485.69111927334325], [-2681.012796073606, -2812.4868261619267, -667.7001200524775]]}, "guid": "3bf5b91b-691b-44eb-ac37-b61a1f7461dc"}, "transformation": {"dtype": "compas.geometry/Transformation", "data": {"matrix": [[0.9504657349107606, -0.005952092211492344, 0.3107723593868254, 335.53124622186635], [0.0056573599117213935, 0.9999822861422628, 0.001849778506566646, -389.5325783919065], [-0.31077786446170447, 9.714451465470123e-17, 0.9504825716238163, -198.56210417724878], [0.0, 0.0, 0.0, 1.0]]}, "guid": "ad544f1e-096e-4a43-82f8-d4b5e9a1164c"}, "features": [], "name": "beds_0_0_0", "debug": [], "modelgeometry": null}, "name": "beds_0_0_0", "guid": "3f405a41-dc05-4f7d-ace6-0875c8106dee"}, "19b464cb-f28c-40a4-8d6e-634e7471b861": {"dtype": "compas_tf.plate/PlateElement", "data": {"polygon": {"dtype": "compas.geometry/Polygon", "data": {"points": [[-2124.35673107722, -2432.825453848956, -485.69111927334325], [-2124.35673107722, -2900.0, -485.69111927334325], [-1699.5771601392034, -2900.0, -372.0542222450554], [-1699.5771601392034, -2143.1090473028607, -372.0542222450554]]}, "guid": "66dc3b50-0470-49e2-85a9-f954bdcde083"}, "thickness": 0.1, "top": {"dtype": "compas.geometry/Polygon", "data": {"points": [[-2132.046795490273, -2438.070380818814, -459.79890521402166], [-2132.046795490273, -2900.0, -459.79890521402166], [-1705.8209869485806, -2900.0, -345.7751111575072], [-1705.8209869485806, -2147.3675832355434, -345.7751111575072]]}, "guid": "d16fe3cb-6c91-45f7-b7cf-76e945432201"}, "bottom": {"dtype": "compas.geometry/Polygon", "data": {"points": [[-2124.35673107722, -2432.825453848956, -485.69111927334325], [-2124.35673107722, -2900.0, -485.69111927334325], [-1699.5771601392034, -2900.0, -372.0542222450554], [-1699.5771601392034, -2143.1090473028607, -372.0542222450554]]}, "guid": "66dc3b50-0470-49e2-85a9-f954bdcde083"}, "top_polyline": {"dtype": "compas.geometry/Polyline", "data": {"points": [[-2132.046795490273, -2438.070380818814, -459.79890521402166], [-2132.046795490273, -2900.0, -459.79890521402166], [-1705.8209869485806, -2900.0, -345.7751111575072], [-1705.8209869485806, -2147.3675832355434, -345.7751111575072], [-2132.046795490273, -2438.070380818814, -459.79890521402166]]}, "guid": "6a6404c1-41bd-44ab-aacf-6432debb3077"}, "bottom_polyline": {"dtype": "compas.geometry/Polyline", "data": {"points": [[-2124.35673107722, -2432.825453848956, -485.69111927334325], [-2124.35673107722, -2900.0, -485.69111927334325], [-1699.5771601392034, -2900.0, -372.0542222450554], [-1699.5771601392034, -2143.1090473028607, -372.0542222450554], [-2124.35673107722, -2432.825453848956, -485.69111927334325]]}, "guid": "42dc7191-5342-4007-a3f6-5ccd4b9b3169"}, "transformation": {"dtype": "compas.geometry/Transformation", "data": {"matrix": [[0.9660123658055106, -0.005952092211492344, 0.2584273238439518, 343.1343173074805], [0.005749896531565496, 0.9999822861422628, 0.0015382105091304324, -389.48732341007405], [-0.25843190166989277, 9.714451465470123e-17, 0.9660294779142526, -79.80961145830679], [0.0, 0.0, 0.0, 1.0]]}, "guid": "9b51a404-ca8b-4402-9d24-8411c4fffa3c"}, "features": [], "name": "beds_0_1_0", "debug": [], "modelgeometry": null}, "name": "beds_0_1_0", "guid": "19b464cb-f28c-40a4-8d6e-634e7471b861"}, "d892012a-4e1e-4ff5-91cd-370d25bcc816": {"dtype": "compas_tf.plate/PlateElement", "data": {"polygon": {"dtype": "compas.geometry/Polygon", "data": {"points": [[-1699.5771601392034, -2143.1090473028607, -372.0542222450554], [-1699.5771601392034, -2900.0, -372.0542222450554], [-1274.7385860985464, -2900.0, -283.6576921741005], [-1274.7385860985464, -1853.352398315647, -283.6576921741005]]}, "guid": "d90e6029-8207-489c-b28b-e48d288d6655"}, "thickness": 0.1, "top": {"dtype": "compas.geometry/Polygon", "data": {"points": [[-1705.8209869485806, -2147.3675832355434, -345.7751111575072], [-1705.8209869485806, -2900.0, -345.7751111575072], [-1279.4771721988207, -2900.0, -257.06538434845777], [-1279.4771721988207, -1856.5843007681333, -257.06538434845777]]}, "guid": "d859fa6a-7101-4bc6-82f5-02a8cae4a8e9"}, "bottom": {"dtype": "compas.geometry/Polygon", "data": {"points": [[-1699.5771601392034, -2143.1090473028607, -372.0542222450554], [-1699.5771601392034, -2900.0, -372.0542222450554], [-1274.7385860985464, -2900.0, -283.6576921741005], [-1274.7385860985464, -1853.352398315647, -283.6576921741005]]}, "guid": "d90e6029-8207-489c-b28b-e48d288d6655"}, "top_polyline": {"dtype": "compas.geometry/Polyline", "data": {"points": [[-1705.8209869485806, -2147.3675832355434, -345.7751111575072], [-1705.8209869485806, -2900.0, -345.7751111575072], [-1279.4771721988207, -2900.0, -257.06538434845777], [-1279.4771721988207, -1856.5843007681333, -257.06538434845777], [-1705.8209869485806, -2147.3675832355434, -345.7751111575072]]}, "guid": "a531a58c-b10a-467e-8f55-fad91994ffed"}, "bottom_polyline": {"dtype": "compas.geometry/Polyline", "data": {"points": [[-1699.5771601392034, -2143.1090473028607, -372.0542222450554], [-1699.5771601392034, -2900.0, -372.0542222450554], [-1274.7385860985464, -2900.0, -283.6576921741005], [-1274.7385860985464, -1853.352398315647, -283.6576921741005], [-1699.5771601392034, -2143.1090473028607, -372.0542222450554]]}, "guid": "a8dcddf3-78da-42be-a63b-266569121d6c"}, "transformation": {"dtype": "compas.geometry/Transformation", "data": {"matrix": [[0.9790143535606392, -0.005952092211492344, 0.20370436451031226, 344.87229065868144], [0.005827286932499262, 0.9999822861422628, 0.0012124886392999973, -389.476978649181], [-0.20370797296436538, 9.714451465470123e-17, 0.9790316959888224, 18.035458015888707], [0.0, 0.0, 0.0, 1.0]]}, "guid": "baf00846-ff94-4b4a-b891-521acb00b066"}, "features": [], "name": "beds_0_2_0", "debug": [], "modelgeometry": null}, "name": "beds_0_2_0", "guid": "d892012a-4e1e-4ff5-91cd-370d25bcc816"}, "f72bef08-fb9d-4298-ae9c-623369a27f5e": {"dtype": "compas_tf.plate/PlateElement", "data": {"polygon": {"dtype": "compas.geometry/Polygon", "data": {"points": [[-1274.7385860985464, -1853.352398315647, -283.6576921741005], [-1274.7385860985464, -2900.0, -283.6576921741005], [-849.8530812628708, -2900.0, -220.51033860110886], [-849.8530812628708, -1563.563740676842, -220.51033860110886]]}, "guid": "cdc08e1e-faee-4ec4-a799-38c7afc2ca95"}, "thickness": 0.1, "top": {"dtype": "compas.geometry/Polygon", "data": {"points": [[-1279.4771721988207, -1856.5843007681333, -257.06538434845777], [-1279.4771721988207, -2900.0, -257.06538434845777], [-853.0394958595282, -2900.0, -193.68734386892476], [-853.0394958595282, -1565.7370009978858, -193.68734386892476]]}, "guid": "08188964-8c21-4e01-a6be-1c5bbff473c3"}, "bottom": {"dtype": "compas.geometry/Polygon", "data": {"points": [[-1274.7385860985464, -1853.352398315647, -283.6576921741005], [-1274.7385860985464, -2900.0, -283.6576921741005], [-849.8530812628708, -2900.0, -220.51033860110886], [-849.8530812628708, -1563.563740676842, -220.51033860110886]]}, "guid": "cdc08e1e-faee-4ec4-a799-38c7afc2ca95"}, "top_polyline": {"dtype": "compas.geometry/Polyline", "data": {"points": [[-1279.4771721988207, -1856.5843007681333, -257.06538434845777], [-1279.4771721988207, -2900.0, -257.06538434845777], [-853.0394958595282, -2900.0, -193.68734386892476], [-853.0394958595282, -1565.7370009978858, -193.68734386892476], [-1279.4771721988207, -1856.5843007681333, -257.06538434845777]]}, "guid": "dddd2aae-c54c-4067-b4e2-ead1e8123f73"}, "bottom_polyline": {"dtype": "compas.geometry/Polyline", "data": {"points": [[-1274.7385860985464, -1853.352398315647, -283.6576921741005], [-1274.7385860985464, -2900.0, -283.6576921741005], [-849.8530812628708, -2900.0, -220.51033860110886], [-849.8530812628708, -1563.563740676842, -220.51033860110886], [-1274.7385860985464, -1853.352398315647, -283.6576921741005]]}, "guid": "c29a679d-229d-4f77-959a-7945d5e452a9"}, "transformation": {"dtype": "compas.geometry/Transformation", "data": {"matrix": [[0.9891178815325236, -0.005952092211492344, 0.14700472451904023, 341.6683585931419], [0.005887425127928743, 0.9999822861422628, 0.0008750011755086027, -389.49604908608546], [-0.14700732858594523, 9.714451465470123e-17, 0.9891354029363343, 93.17995145684654], [0.0, 0.0, 0.0, 1.0]]}, "guid": "00c9617b-de80-4fe7-81db-c722cad34d55"}, "features": [], "name": "beds_0_3_0", "debug": [], "modelgeometry": null}, "name": "beds_0_3_0", "guid": "f72bef08-fb9d-4298-ae9c-623369a27f5e"}, "5364b3cc-b28b-4403-8ab4-574ba0983617": {"dtype": "compas_tf.plate/PlateElement", "data": {"polygon": {"dtype": "compas.geometry/Polygon", "data": {"points": [[-849.8530812628708, -1563.563740676842, -220.51033860110886], [-849.8530812628708, -2900.0, -220.51033860110886], [-424.9349201589642, -2900.0, -182.6190143924353], [-424.9349201589642, -1273.7528101762273, -182.6190143924353]]}, "guid": "ced7f1f0-ebbc-42ad-99e8-2ec3692648ea"}, "thickness": 0.1, "top": {"dtype": "compas.geometry/Polygon", "data": {"points": [[-853.0394958595282, -1565.7370009978858, -193.68734386892476], [-853.0394958595282, -2900.0, -193.68734386892476], [-426.5365069846225, -2900.0, -155.65469545153812], [-426.5365069846225, -1274.8451555045976, -155.65469545153812]]}, "guid": "ffcc3198-0ba3-4a7b-8b56-9406b7186caa"}, "bottom": {"dtype": "compas.geometry/Polygon", "data": {"points": [[-849.8530812628708, -1563.563740676842, -220.51033860110886], [-849.8530812628708, -2900.0, -220.51033860110886], [-424.9349201589642, -2900.0, -182.6190143924353], [-424.9349201589642, -1273.7528101762273, -182.6190143924353]]}, "guid": "ced7f1f0-ebbc-42ad-99e8-2ec3692648ea"}, "top_polyline": {"dtype": "compas.geometry/Polyline", "data": {"points": [[-853.0394958595282, -1565.7370009978858, -193.68734386892476], [-853.0394958595282, -2900.0, -193.68734386892476], [-426.5365069846225, -2900.0, -155.65469545153812], [-426.5365069846225, -1274.8451555045976, -155.65469545153812], [-853.0394958595282, -1565.7370009978858, -193.68734386892476]]}, "guid": "d0c6912d-0211-476d-9528-da0c59d7ff65"}, "bottom_polyline": {"dtype": "compas.geometry/Polyline", "data": {"points": [[-849.8530812628708, -1563.563740676842, -220.51033860110886], [-849.8530812628708, -2900.0, -220.51033860110886], [-424.9349201589642, -2900.0, -182.6190143924353], [-424.9349201589642, -1273.7528101762273, -182.6190143924353], [-849.8530812628708, -1563.563740676842, -220.51033860110886]]}, "guid": "0d31435c-2983-4934-8660-896401eafd8f"}, "transformation": {"dtype": "compas.geometry/Transformation", "data": {"matrix": [[0.9960299798403287, -0.005952092211492344, 0.08881920883221353, 334.71211887223967], [0.005928567303218334, 0.9999822861422628, 0.0005286694858970935, -389.5374539997903], [-0.08882078219091344, 9.714451465470123e-17, 0.9960476236862346, 144.15418333675598], [0.0, 0.0, 0.0, 1.0]]}, "guid": "c04aa901-f3b8-43c4-b3d1-0f0c20714105"}, "features": [], "name": "beds_0_4_0", "debug": [], "modelgeometry": null}, "name": "beds_0_4_0", "guid": "5364b3cc-b28b-4403-8ab4-574ba0983617"}, "44b1120f-ad1c-4cd7-b543-d4e5f0093506": {"dtype": "compas_tf.plate/PlateElement", "data": {"polygon": {"dtype": "compas.geometry/Polygon", "data": {"points": [[-424.9349201589642, -1273.7528101762273, -182.6190143924353], [-424.9349201589642, -2900.0, -182.6190143924353], [-60.0, -2900.0, -171.77153940345835], [-60.0, -1024.8528137423855, -171.77153940345835]]}, "guid": "084ea949-0175-464e-927e-f430c74cc2cc"}, "thickness": 0.1, "top": {"dtype": "compas.geometry/Polygon", "data": {"points": [[-426.5365069846225, -1274.8451555045976, -155.65469545153812], [-426.5365069846225, -2900.0, -155.65469545153812], [-60.0, -2900.0, -144.75961423998746], [-60.0, -1024.8528137423855, -144.75961423998746]]}, "guid": "71ec3cb3-f3bf-41f8-99f0-54843c1f4955"}, "bottom": {"dtype": "compas.geometry/Polygon", "data": {"points": [[-424.9349201589642, -1273.7528101762273, -182.6190143924353], [-424.9349201589642, -2900.0, -182.6190143924353], [-60.0, -2900.0, -171.77153940345835], [-60.0, -1024.8528137423855, -171.77153940345835]]}, "guid": "084ea949-0175-464e-927e-f430c74cc2cc"}, "top_polyline": {"dtype": "compas.geometry/Polyline", "data": {"points": [[-426.5365069846225, -1274.8451555045976, -155.65469545153812], [-426.5365069846225, -2900.0, -155.65469545153812], [-60.0, -2900.0, -144.75961423998746], [-60.0, -1024.8528137423855, -144.75961423998746], [-426.5365069846225, -1274.8451555045976, -155.65469545153812]]}, "guid": "a9d1015d-4f5d-4bdb-963d-e799a00eb02e"}, "bottom_polyline": {"dtype": "compas.geometry/Polyline", "data": {"points": [[-424.9349201589642, -1273.7528101762273, -182.6190143924353], [-424.9349201589642, -2900.0, -182.6190143924353], [-60.0, -2900.0, -171.77153940345835], [-60.0, -1024.8528137423855, -171.77153940345835], [-424.9349201589642, -1273.7528101762273, -182.6190143924353]]}, "guid": "471a5a38-0844-4357-8942-281f679d4c7e"}, "transformation": {"dtype": "compas.geometry/Transformation", "data": {"matrix": [[0.9995408162300634, -0.005952092211492344, 0.0297107604824301, 325.40966927329913], [0.005949464495319381, 0.9999822861422628, 0.00017684431865998686, -389.59282401841256], [-0.02971128678393742, 9.714451465470123e-17, 0.9995585222675272, 169.9130288867027], [0.0, 0.0, 0.0, 1.0]]}, "guid": "2048fb05-dbc8-4512-a094-613ef1c6d421"}, "features": [], "name": "beds_0_5_0", "debug": [], "modelgeometry": null}, "name": "beds_0_5_0", "guid": "44b1120f-ad1c-4cd7-b543-d4e5f0093506"}, "bcaca4e2-73be-431f-9224-9475f4cade8a": {"dtype": "compas_model.elements/Group", "data": {"transformation": {"dtype": "compas.geometry/Transformation", "data": {"matrix": [[1.0, 0.0, 0.0, 0.0], [0.0, 1.0, 0.0, 0.0], [0.0, 0.0, 1.0, 0.0], [0.0, 0.0, 0.0, 1.0]]}, "guid": "43e39499-380e-4347-b5a4-e0494e4bb0e8"}, "features": [], "name": "beds_1_0", "material": null}, "name": "beds_1_0", "guid": "bcaca4e2-73be-431f-9224-9475f4cade8a"}, "0bb53e06-0554-4237-9a6f-66490c4a8e3e": {"dtype": "compas_tf.plate/PlateElement", "data": {"polygon": {"dtype": "compas.geometry/Polygon", "data": {"points": [[-2724.1905693920576, -2769.309052843264, -667.7001200524364], [-2167.5345043957973, -2389.6476805303787, -485.69111927334325], [-2389.6476805303787, -2167.5345043957973, -485.69111927334325], [-2769.309052843264, -2724.1905693920576, -667.7001200524364]]}, "guid": "9fc1530e-d0a4-43c8-9f55-bce8d9ae8554"}, "thickness": 0.1, "top": {"dtype": "compas.geometry/Polygon", "data": {"points": [[-2728.207180549177, -2772.0485399338595, -640.6068024777409], [-2175.22456880885, -2394.892607500237, -459.79890521402166], [-2394.892607500237, -2175.22456880885, -459.79890521402166], [-2772.0485399338595, -2728.207180549177, -640.6068024777409]]}, "guid": "a3bb40e9-5e4d-49fb-a64a-ab920dcf7f24"}, "bottom": {"dtype": "compas.geometry/Polygon", "data": {"points": [[-2724.1905693920576, -2769.309052843264, -667.7001200524364], [-2167.5345043957973, -2389.6476805303787, -485.69111927334325], [-2389.6476805303787, -2167.5345043957973, -485.69111927334325], [-2769.309052843264, -2724.1905693920576, -667.7001200524364]]}, "guid": "9fc1530e-d0a4-43c8-9f55-bce8d9ae8554"}, "top_polyline": {"dtype": "compas.geometry/Polyline", "data": {"points": [[-2728.207180549177, -2772.0485399338595, -640.6068024777409], [-2175.22456880885, -2394.892607500237, -459.79890521402166], [-2394.892607500237, -2175.22456880885, -459.79890521402166], [-2772.0485399338595, -2728.207180549177, -640.6068024777409], [-2728.207180549177, -2772.0485399338595, -640.6068024777409]]}, "guid": "7ed66487-84eb-4b95-84c5-f84dc90792f9"}, "bottom_polyline": {"dtype": "compas.geometry/Polyline", "data": {"points": [[-2724.1905693920576, -2769.309052843264, -667.7001200524364], [-2167.5345043957973, -2389.6476805303787, -485.69111927334325], [-2389.6476805303787, -2167.5345043957973, -485.69111927334325], [-2769.309052843264, -2724.1905693920576, -667.7001200524364], [-2724.1905693920576, -2769.309052843264, -667.7001200524364]]}, "guid": "28ced3f9-f109-4316-8b7f-f02feff296b7"}, "transformation": {"dtype": "compas.geometry/Transformation", "data": {"matrix": [[0.9821142394100826, -0.01788576058991731, 0.18743457609543293, 369.84682662240925], [-0.017885760589917032, 0.9821142394100826, 0.1874345760954333, 369.8468266224115], [-0.1874345760954329, -0.1874345760954332, 0.9642284788201654, -385.8563019078979], [0.0, 0.0, 0.0, 1.0]]}, "guid": "7c9515d1-c305-4916-9c99-4ef9b057c90f"}, "features": [], "name": "beds_1_0_0", "debug": [], "modelgeometry": null}, "name": "beds_1_0_0", "guid": "0bb53e06-0554-4237-9a6f-66490c4a8e3e"}, "861bd520-a953-464c-9f42-66dcf9e1333b": {"dtype": "compas_tf.plate/PlateElement", "data": {"polygon": {"dtype": "compas.geometry/Polygon", "data": {"points": [[-2167.5345043957973, -2389.6476805303787, -485.69111927334325], [-1742.7549334577807, -2099.9312739842835, -372.0542222450554], [-2099.9312739842835, -1742.7549334577807, -372.0542222450554], [-2389.6476805303787, -2167.5345043957973, -485.69111927334325]]}, "guid": "a7269385-8feb-4fcb-be20-ab06a46c6e7f"}, "thickness": 0.1, "top": {"dtype": "compas.geometry/Polygon", "data": {"points": [[-2175.22456880885, -2394.892607500237, -459.79890521402166], [-1748.998760267158, -2104.1898099169657, -345.7751111575072], [-2104.1898099169657, -1748.998760267158, -345.7751111575072], [-2394.892607500237, -2175.22456880885, -459.79890521402166]]}, "guid": "2d679ec3-7acf-4a54-93e2-61ea05bcb808"}, "bottom": {"dtype": "compas.geometry/Polygon", "data": {"points": [[-2167.5345043957973, -2389.6476805303787, -485.69111927334325], [-1742.7549334577807, -2099.9312739842835, -372.0542222450554], [-2099.9312739842835, -1742.7549334577807, -372.0542222450554], [-2389.6476805303787, -2167.5345043957973, -485.69111927334325]]}, "guid": "a7269385-8feb-4fcb-be20-ab06a46c6e7f"}, "top_polyline": {"dtype": "compas.geometry/Polyline", "data": {"points": [[-2175.22456880885, -2394.892607500237, -459.79890521402166], [-1748.998760267158, -2104.1898099169657, -345.7751111575072], [-2104.1898099169657, -1748.998760267158, -345.7751111575072], [-2394.892607500237, -2175.22456880885, -459.79890521402166], [-2175.22456880885, -2394.892607500237, -459.79890521402166]]}, "guid": "cc9198e5-3963-4b8b-a477-0929be0dc9b2"}, "bottom_polyline": {"dtype": "compas.geometry/Polyline", "data": {"points": [[-2167.5345043957973, -2389.6476805303787, -485.69111927334325], [-1742.7549334577807, -2099.9312739842835, -372.0542222450554], [-2099.9312739842835, -1742.7549334577807, -372.0542222450554], [-2389.6476805303787, -2167.5345043957973, -485.69111927334325], [-2167.5345043957973, -2389.6476805303787, -485.69111927334325]]}, "guid": "2efeafd7-01c8-437b-8a20-8ffdc7db9617"}, "transformation": {"dtype": "compas.geometry/Transformation", "data": {"matrix": [[0.9878128825353603, -0.012187117464639586, 0.15516824180574137, 380.14510953516884], [-0.012187117464639297, 0.9878128825353603, 0.15516824180574174, 380.1451095351712], [-0.15516824180574135, -0.15516824180574165, 0.9756257650707209, -233.27717739433183], [0.0, 0.0, 0.0, 1.0]]}, "guid": "50ad2895-78e1-4613-9eab-48f803434e7f"}, "features": [], "name": "beds_1_1_0", "debug": [], "modelgeometry": null}, "name": "beds_1_1_0", "guid": "861bd520-a953-464c-9f42-66dcf9e1333b"}, "eaa87e34-4cc7-40ee-93a7-9717e99aa3b2": {"dtype": "compas_tf.plate/PlateElement", "data": {"polygon": {"dtype": "compas.geometry/Polygon", "data": {"points": [[-1742.7549334577807, -2099.9312739842835, -372.0542222450554], [-1317.9163594171237, -1810.1746249970697, -283.6576921741005], [-1810.1746249970697, -1317.9163594171237, -283.6576921741005], [-2099.9312739842835, -1742.7549334577807, -372.0542222450554]]}, "guid": "ae510add-dbc4-4d02-aa15-562b0f598b62"}, "thickness": 0.1, "top": {"dtype": "compas.geometry/Polygon", "data": {"points": [[-1748.998760267158, -2104.1898099169657, -345.7751111575072], [-1322.654945517398, -1813.406527449556, -257.06538434845777], [-1813.406527449556, -1322.654945517398, -257.06538434845777], [-2104.1898099169657, -1748.998760267158, -345.7751111575072]]}, "guid": "55e42335-d25b-4a2a-8ba3-f96ac761d6d8"}, "bottom": {"dtype": "compas.geometry/Polygon", "data": {"points": [[-1742.7549334577807, -2099.9312739842835, -372.0542222450554], [-1317.9163594171237, -1810.1746249970697, -283.6576921741005], [-1810.1746249970697, -1317.9163594171237, -283.6576921741005], [-2099.9312739842835, -1742.7549334577807, -372.0542222450554]]}, "guid": "ae510add-dbc4-4d02-aa15-562b0f598b62"}, "top_polyline": {"dtype": "compas.geometry/Polyline", "data": {"points": [[-1748.998760267158, -2104.1898099169657, -345.7751111575072], [-1322.654945517398, -1813.406527449556, -257.06538434845777], [-1813.406527449556, -1322.654945517398, -257.06538434845777], [-2104.1898099169657, -1748.998760267158, -345.7751111575072], [-1748.998760267158, -2104.1898099169657, -345.7751111575072]]}, "guid": "66479243-048f-4f26-9635-452f02372582"}, "bottom_polyline": {"dtype": "compas.geometry/Polyline", "data": {"points": [[-1742.7549334577807, -2099.9312739842835, -372.0542222450554], [-1317.9163594171237, -1810.1746249970697, -283.6576921741005], [-1810.1746249970697, -1317.9163594171237, -283.6576921741005], [-2099.9312739842835, -1742.7549334577807, -372.0542222450554], [-1742.7549334577807, -2099.9312739842835, -372.0542222450554]]}, "guid": "b92cd205-23d8-4bd6-87d4-1069fe78daac"}, "transformation": {"dtype": "compas.geometry/Transformation", "data": {"matrix": [[0.992520217382723, -0.00747978261727681, 0.12185101943992871, 385.83810697226346], [-0.007479782617276512, 0.992520217382723, 0.12185101943992906, 385.83810697226556], [-0.1218510194399287, -0.121851019439929, 0.9850404347654463, -101.74677892797808], [0.0, 0.0, 0.0, 1.0]]}, "guid": "e5135ec3-344f-44a8-8a96-96c4a374c375"}, "features": [], "name": "beds_1_2_0", "debug": [], "modelgeometry": null}, "name": "beds_1_2_0", "guid": "eaa87e34-4cc7-40ee-93a7-9717e99aa3b2"}, "afa50b9f-a51c-4cf2-b805-f9b640c7a0fc": {"dtype": "compas_tf.plate/PlateElement", "data": {"polygon": {"dtype": "compas.geometry/Polygon", "data": {"points": [[-1317.9163594171237, -1810.1746249970697, -283.6576921741005], [-893.0308545814481, -1520.3859673582647, -220.51033860110886], [-1520.3859673582647, -893.0308545814481, -220.51033860110886], [-1810.1746249970697, -1317.9163594171237, -283.6576921741005]]}, "guid": "f45dd295-241e-43d1-9ee2-95f58c26c885"}, "thickness": 0.1, "top": {"dtype": "compas.geometry/Polygon", "data": {"points": [[-1322.654945517398, -1813.406527449556, -257.06538434845777], [-896.2172691781057, -1522.5592276793084, -193.68734386892476], [-1522.5592276793084, -896.2172691781057, -193.68734386892476], [-1813.406527449556, -1322.654945517398, -257.06538434845777]]}, "guid": "b8c46488-106a-41e6-83bf-e4597cf8e3cc"}, "bottom": {"dtype": "compas.geometry/Polygon", "data": {"points": [[-1317.9163594171237, -1810.1746249970697, -283.6576921741005], [-893.0308545814481, -1520.3859673582647, -220.51033860110886], [-1520.3859673582647, -893.0308545814481, -220.51033860110886], [-1810.1746249970697, -1317.9163594171237, -283.6576921741005]]}, "guid": "f45dd295-241e-43d1-9ee2-95f58c26c885"}, "top_polyline": {"dtype": "compas.geometry/Polyline", "data": {"points": [[-1322.654945517398, -1813.406527449556, -257.06538434845777], [-896.2172691781057, -1522.5592276793084, -193.68734386892476], [-1522.5592276793084, -896.2172691781057, -193.68734386892476], [-1813.406527449556, -1322.654945517398, -257.06538434845777], [-1322.654945517398, -1813.406527449556, -257.06538434845777]]}, "guid": "e8ffde41-768f-4dba-95e0-d0f310c23496"}, "bottom_polyline": {"dtype": "compas.geometry/Polyline", "data": {"points": [[-1317.9163594171237, -1810.1746249970697, -283.6576921741005], [-893.0308545814481, -1520.3859673582647, -220.51033860110886], [-1520.3859673582647, -893.0308545814481, -220.51033860110886], [-1810.1746249970697, -1317.9163594171237, -283.6576921741005], [-1317.9163594171237, -1810.1746249970697, -283.6576921741005]]}, "guid": "be60bd42-df43-4084-b88e-37c079890ca7"}, "transformation": {"dtype": "compas.geometry/Transformation", "data": {"matrix": [[0.996141537634734, -0.0038584623652658722, 0.08767638944940132, 387.47202953023873], [-0.0038584623652655565, 0.9961415376347341, 0.08767638944940165, 387.4720295302409], [-0.0876763894494013, -0.0876763894494016, 0.9922830752694681, 7.2090037316988855], [0.0, 0.0, 0.0, 1.0]]}, "guid": "60d0280a-3b75-4356-b23e-694d5753ad75"}, "features": [], "name": "beds_1_3_0", "debug": [], "modelgeometry": null}, "name": "beds_1_3_0", "guid": "afa50b9f-a51c-4cf2-b805-f9b640c7a0fc"}, "4e4e809e-59b1-4041-b736-ca9c37b6ef3b": {"dtype": "compas_tf.plate/PlateElement", "data": {"polygon": {"dtype": "compas.geometry/Polygon", "data": {"points": [[-893.0308545814481, -1520.3859673582647, -220.51033860110886], [-468.1126934775415, -1230.57503685765, -182.6190143924353], [-1230.57503685765, -468.1126934775415, -182.6190143924353], [-1520.3859673582647, -893.0308545814481, -220.51033860110886]]}, "guid": "ee2b1a27-b1fb-4150-a5a7-dfdecd7635de"}, "thickness": 0.1, "top": {"dtype": "compas.geometry/Polygon", "data": {"points": [[-896.2172691781057, -1522.5592276793084, -193.68734386892476], [-469.71428030319987, -1231.6673821860204, -155.65469545153812], [-1231.6673821860204, -469.71428030319987, -155.65469545153812], [-1522.5592276793084, -896.2172691781057, -193.68734386892476]]}, "guid": "f09522fa-7405-4bc7-abaa-cfe55180bd2b"}, "bottom": {"dtype": "compas.geometry/Polygon", "data": {"points": [[-893.0308545814481, -1520.3859673582647, -220.51033860110886], [-468.1126934775415, -1230.57503685765, -182.6190143924353], [-1230.57503685765, -468.1126934775415, -182.6190143924353], [-1520.3859673582647, -893.0308545814481, -220.51033860110886]]}, "guid": "ee2b1a27-b1fb-4150-a5a7-dfdecd7635de"}, "top_polyline": {"dtype": "compas.geometry/Polyline", "data": {"points": [[-896.2172691781057, -1522.5592276793084, -193.68734386892476], [-469.71428030319987, -1231.6673821860204, -155.65469545153812], [-1231.6673821860204, -469.71428030319987, -155.65469545153812], [-1522.5592276793084, -896.2172691781057, -193.68734386892476], [-896.2172691781057, -1522.5592276793084, -193.68734386892476]]}, "guid": "e8880216-70f0-4127-a550-e88cadd56c24"}, "bottom_polyline": {"dtype": "compas.geometry/Polyline", "data": {"points": [[-893.0308545814481, -1520.3859673582647, -220.51033860110886], [-468.1126934775415, -1230.57503685765, -182.6190143924353], [-1230.57503685765, -468.1126934775415, -182.6190143924353], [-1520.3859673582647, -893.0308545814481, -220.51033860110886], [-893.0308545814481, -1520.3859673582647, -220.51033860110886]]}, "guid": "d6b0221f-d26f-49cf-a6d0-4b9094a4e109"}, "transformation": {"dtype": "compas.geometry/Transformation", "data": {"matrix": [[0.998600604671752, -0.0013993953282480983, 0.0528665682821048, 385.73085783141033], [-0.0013993953282477756, 0.998600604671752, 0.05286656828210512, 385.7308578314123], [-0.05286656828210481, -0.05286656828210512, 0.9972012093435036, 92.30411111551712], [0.0, 0.0, 0.0, 1.0]]}, "guid": "37d24217-80d7-443d-b2fb-d784485e04a2"}, "features": [], "name": "beds_1_4_0", "debug": [], "modelgeometry": null}, "name": "beds_1_4_0", "guid": "4e4e809e-59b1-4041-b736-ca9c37b6ef3b"}, "040b2080-004d-465d-af99-20079a7374f6": {"dtype": "compas_tf.plate/PlateElement", "data": {"polygon": {"dtype": "compas.geometry/Polygon", "data": {"points": [[-468.1126934775415, -1230.57503685765, -182.6190143924353], [-103.17777331857752, -981.6750404238084, -171.77153940345835], [-981.6750404238084, -103.17777331857752, -171.77153940345835], [-1230.57503685765, -468.1126934775415, -182.6190143924353]]}, "guid": "f724ccdc-bde3-4f98-a55f-5fd4987ddb36"}, "thickness": 0.1, "top": {"dtype": "compas.geometry/Polygon", "data": {"points": [[-469.71428030319987, -1231.6673821860204, -155.65469545153812], [-103.17777331857748, -981.6750404238082, -144.75961423998746], [-981.6750404238082, -103.17777331857748, -144.75961423998746], [-1231.6673821860204, -469.71428030319987, -155.65469545153812]]}, "guid": "d467e0fb-2b2a-46db-9161-d060b6f6d7b5"}, "bottom": {"dtype": "compas.geometry/Polygon", "data": {"points": [[-468.1126934775415, -1230.57503685765, -182.6190143924353], [-103.17777331857752, -981.6750404238084, -171.77153940345835], [-981.6750404238084, -103.17777331857752, -171.77153940345835], [-1230.57503685765, -468.1126934775415, -182.6190143924353]]}, "guid": "f724ccdc-bde3-4f98-a55f-5fd4987ddb36"}, "top_polyline": {"dtype": "compas.geometry/Polyline", "data": {"points": [[-469.71428030319987, -1231.6673821860204, -155.65469545153812], [-103.17777331857748, -981.6750404238082, -144.75961423998746], [-981.6750404238082, -103.17777331857748, -144.75961423998746], [-1231.6673821860204, -469.71428030319987, -155.65469545153812], [-469.71428030319987, -1231.6673821860204, -155.65469545153812]]}, "guid": "0d2b22da-86bf-4579-8152-ad8ce5b1b9c1"}, "bottom_polyline": {"dtype": "compas.geometry/Polyline", "data": {"points": [[-468.1126934775415, -1230.57503685765, -182.6190143924353], [-103.17777331857752, -981.6750404238084, -171.77153940345835], [-981.6750404238084, -103.17777331857752, -171.77153940345835], [-1230.57503685765, -468.1126934775415, -182.6190143924353], [-468.1126934775415, -1230.57503685765, -182.6190143924353]]}, "guid": "30ce2c1f-7793-404f-a33a-ca952dc0fe89"}, "transformation": {"dtype": "compas.geometry/Transformation", "data": {"matrix": [[0.9998439295210042, -0.00015607047899573664, 0.017666132627214656, 381.4146096321758], [-0.0001560704789954001, 0.9998439295210043, 0.01766613262721494, 381.4146096321778], [-0.01766613262721465, -0.017666132627214958, 0.9996878590420084, 152.55276878201266], [0.0, 0.0, 0.0, 1.0]]}, "guid": "4d5ef57b-89e5-4943-9b45-fe7710b550f5"}, "features": [], "name": "beds_1_5_0", "debug": [], "modelgeometry": null}, "name": "beds_1_5_0", "guid": "040b2080-004d-465d-af99-20079a7374f6"}, "291a0064-6acc-4672-965d-922a37bb75eb": {"dtype": "compas_model.elements/Group", "data": {"transformation": {"dtype": "compas.geometry/Transformation", "data": {"matrix": [[1.0, 0.0, 0.0, 0.0], [0.0, 1.0, 0.0, 0.0], [0.0, 0.0, 1.0, 0.0], [0.0, 0.0, 0.0, 1.0]]}, "guid": "aa9c5eb1-733e-4c11-a536-810b67a73358"}, "features": [], "name": "beds_2_0", "material": null}, "name": "beds_2_0", "guid": "291a0064-6acc-4672-965d-922a37bb75eb"}, "8bd81a01-632e-416a-99c5-4879b52420bf": {"dtype": "compas_tf.plate/PlateElement", "data": {"polygon": {"dtype": "compas.geometry/Polygon", "data": {"points": [[-2812.4868261619267, -2681.012796073606, -667.7001200524775], [-2432.825453848956, -2124.35673107722, -485.69111927334325], [-2900.0, -2124.35673107722, -485.69111927334325], [-2900.0, -2681.012796073606, -667.7001200524775]]}, "guid": "41d576a9-c654-491b-9f10-0bd0f77e3f78"}, "thickness": 0.1, "top": {"dtype": "compas.geometry/Polygon", "data": {"points": [[-2815.226313252519, -2685.0294072307197, -640.6068024777801], [-2438.070380818814, -2132.046795490273, -459.79890521402166], [-2900.0, -2132.046795490273, -459.79890521402166], [-2900.0, -2685.0294072307197, -640.6068024777801]]}, "guid": "368f8c9a-3510-4e3d-93f5-42ba1147c7b8"}, "bottom": {"dtype": "compas.geometry/Polygon", "data": {"points": [[-2812.4868261619267, -2681.012796073606, -667.7001200524775], [-2432.825453848956, -2124.35673107722, -485.69111927334325], [-2900.0, -2124.35673107722, -485.69111927334325], [-2900.0, -2681.012796073606, -667.7001200524775]]}, "guid": "41d576a9-c654-491b-9f10-0bd0f77e3f78"}, "top_polyline": {"dtype": "compas.geometry/Polyline", "data": {"points": [[-2815.226313252519, -2685.0294072307197, -640.6068024777801], [-2438.070380818814, -2132.046795490273, -459.79890521402166], [-2900.0, -2132.046795490273, -459.79890521402166], [-2900.0, -2685.0294072307197, -640.6068024777801], [-2815.226313252519, -2685.0294072307197, -640.6068024777801]]}, "guid": "46a8c82e-ed59-45e7-8424-000880202827"}, "bottom_polyline": {"dtype": "compas.geometry/Polyline", "data": {"points": [[-2812.4868261619267, -2681.012796073606, -667.7001200524775], [-2432.825453848956, -2124.35673107722, -485.69111927334325], [-2900.0, -2124.35673107722, -485.69111927334325], [-2900.0, -2681.012796073606, -667.7001200524775], [-2812.4868261619267, -2681.012796073606, -667.7001200524775]]}, "guid": "13c75595-e98e-425d-905f-3f4e4b091767"}, "transformation": {"dtype": "compas.geometry/Transformation", "data": {"matrix": [[0.9999822861422627, 0.005657359911721449, 0.0018497785065662437, -389.53257839190775], [-0.0059520922114922326, 0.9504657349107608, 0.3107723593868242, 335.5312462218658], [5.134781488891351e-16, -0.3107778644617032, 0.9504825716238167, -198.5621041772447], [0.0, 0.0, 0.0, 1.0]]}, "guid": "455d2cb0-afc2-46ab-84e5-5afdff63af3e"}, "features": [], "name": "beds_2_0_0", "debug": [], "modelgeometry": null}, "name": "beds_2_0_0", "guid": "8bd81a01-632e-416a-99c5-4879b52420bf"}, "820cdde2-2751-407e-8bd9-042b1a629d61": {"dtype": "compas_tf.plate/PlateElement", "data": {"polygon": {"dtype": "compas.geometry/Polygon", "data": {"points": [[-2432.825453848956, -2124.35673107722, -485.69111927334325], [-2143.1090473028607, -1699.5771601392034, -372.0542222450554], [-2900.0, -1699.5771601392034, -372.0542222450554], [-2900.0, -2124.35673107722, -485.69111927334325]]}, "guid": "1bfd1991-cbaa-49d5-8511-8b36ca44168c"}, "thickness": 0.1, "top": {"dtype": "compas.geometry/Polygon", "data": {"points": [[-2438.070380818814, -2132.046795490273, -459.79890521402166], [-2147.3675832355434, -1705.8209869485806, -345.7751111575072], [-2900.0, -1705.8209869485806, -345.7751111575072], [-2900.0, -2132.046795490273, -459.79890521402166]]}, "guid": "5dc43783-3e25-49e3-900d-80a8161a3b7b"}, "bottom": {"dtype": "compas.geometry/Polygon", "data": {"points": [[-2432.825453848956, -2124.35673107722, -485.69111927334325], [-2143.1090473028607, -1699.5771601392034, -372.0542222450554], [-2900.0, -1699.5771601392034, -372.0542222450554], [-2900.0, -2124.35673107722, -485.69111927334325]]}, "guid": "1bfd1991-cbaa-49d5-8511-8b36ca44168c"}, "top_polyline": {"dtype": "compas.geometry/Polyline", "data": {"points": [[-2438.070380818814, -2132.046795490273, -459.79890521402166], [-2147.3675832355434, -1705.8209869485806, -345.7751111575072], [-2900.0, -1705.8209869485806, -345.7751111575072], [-2900.0, -2132.046795490273, -459.79890521402166], [-2438.070380818814, -2132.046795490273, -459.79890521402166]]}, "guid": "f40e5d48-4c22-486b-8856-c5d2754ab0d7"}, "bottom_polyline": {"dtype": "compas.geometry/Polyline", "data": {"points": [[-2432.825453848956, -2124.35673107722, -485.69111927334325], [-2143.1090473028607, -1699.5771601392034, -372.0542222450554], [-2900.0, -1699.5771601392034, -372.0542222450554], [-2900.0, -2124.35673107722, -485.69111927334325], [-2432.825453848956, -2124.35673107722, -485.69111927334325]]}, "guid": "05eb9f7a-040d-47df-9418-363e88570ba1"}, "transformation": {"dtype": "compas.geometry/Transformation", "data": {"matrix": [[0.9999822861422627, 0.0057498965315655294, 0.0015382105091300276, -389.4873234100754], [-0.0059520922114922326, 0.9660123658055108, 0.2584273238439505, 343.1343173074796], [5.134781488891351e-16, -0.2584319016698915, 0.9660294779142529, -79.80961145830224], [0.0, 0.0, 0.0, 1.0]]}, "guid": "b9b550f4-2ab2-416f-9906-ef0d6d425168"}, "features": [], "name": "beds_2_1_0", "debug": [], "modelgeometry": null}, "name": "beds_2_1_0", "guid": "820cdde2-2751-407e-8bd9-042b1a629d61"}, "b8d7c8ff-db65-417f-b86d-6c53dae65d37": {"dtype": "compas_tf.plate/PlateElement", "data": {"polygon": {"dtype": "compas.geometry/Polygon", "data": {"points": [[-2143.1090473028607, -1699.5771601392034, -372.0542222450554], [-1853.352398315647, -1274.7385860985464, -283.6576921741005], [-2900.0, -1274.7385860985464, -283.6576921741005], [-2900.0, -1699.5771601392034, -372.0542222450554]]}, "guid": "c914d639-b093-4a26-8a1f-1786d7dda9fe"}, "thickness": 0.1, "top": {"dtype": "compas.geometry/Polygon", "data": {"points": [[-2147.3675832355434, -1705.8209869485806, -345.7751111575072], [-1856.5843007681333, -1279.4771721988207, -257.06538434845777], [-2900.0, -1279.4771721988207, -257.06538434845777], [-2900.0, -1705.8209869485806, -345.7751111575072]]}, "guid": "daec5112-a214-458f-84d9-5d701914f6bf"}, "bottom": {"dtype": "compas.geometry/Polygon", "data": {"points": [[-2143.1090473028607, -1699.5771601392034, -372.0542222450554], [-1853.352398315647, -1274.7385860985464, -283.6576921741005], [-2900.0, -1274.7385860985464, -283.6576921741005], [-2900.0, -1699.5771601392034, -372.0542222450554]]}, "guid": "c914d639-b093-4a26-8a1f-1786d7dda9fe"}, "top_polyline": {"dtype": "compas.geometry/Polyline", "data": {"points": [[-2147.3675832355434, -1705.8209869485806, -345.7751111575072], [-1856.5843007681333, -1279.4771721988207, -257.06538434845777], [-2900.0, -1279.4771721988207, -257.06538434845777], [-2900.0, -1705.8209869485806, -345.7751111575072], [-2147.3675832355434, -1705.8209869485806, -345.7751111575072]]}, "guid": "1a468cb4-5382-42af-b31b-e7c242a1518f"}, "bottom_polyline": {"dtype": "compas.geometry/Polyline", "data": {"points": [[-2143.1090473028607, -1699.5771601